1	0.108231	1.60E-04	0.0142175	0.0351468	0.0438024	0.208964	0.0520037	0.0311299	0.178851	0.133506	0.148101	0.188835	0.00975664	0.00534774	0.0254521	0.158711	0.0667729	0.100224	0.13446	0.00775613	0.157468	0.00179854	0.0683054	0.169039	0.0558948	0.0537644	0.00363197	0.0171867	0.125416	0.0215015	0.170129	0.188266	0.0321081	0.110565	0.326925	0.0156654	0.00119598	0.255944	0.313228	0.216283	0.00279746	0.126202	0.046704	1.20E-01	0.00282365	0.017165	0.257962	0.120605	0.0375135	0.0945513	0.101232	0.0499845	0.0207494	0.0920608	0.00159275	0.0678426	0.0256151	0.0282322	0.012171	0.0381137	7.99E-04	0.137364	0.264037	0.00960302	0.0426606	1.95E-01	0.0205962	0.0190695	0.135824	0.154845	0.214614	0.158818	0.0681147	0.328954	0.0486589	0.0504833	0.162056	6.13E-04	0.0246769	0.016477	0.107201	0.0496783	0.268607	0.0121877	0.0229372	0.0224462	1.21E-01	0.0129979	0.0144537	0.0690091	0.0861738	0.27221	0.14979	0.02146	0.100987	0.274744	0.0260448	4.07E-03	0.00553288	3.45E-02	0.0138596	0.27698	3.65E-04	0.15926	0.0401149	0.0265414	0.0122693	0.079449	0.146492	0.00380993	0.0626282	0.00565051	0.137299	0.00316042	0.0232155	0.0378823	7.32E-04	0.0817928	6.49E-04	0.0511883	0.13204	0.272372	0.0301817	1.56E-01	0.19227	0.286225	0.0378287	0.010137	0.0687037	0.073338	0.226684	0.130705	0.277377	0.0732376	0.0231742	0.0380948	0.149129	0.309577	0.0404813	0.0241822	0.057268	0.0343589	0.147975	0.0361537	0.0611915	0.16747	0.033139	1.29E-04	2.05E-04	0.00718664	0.229372	0.0633555	0.161618	0.16414	0.138707	0.0573284
0.108231	1	0.0124349	0.0224347	0.0259071	0.0366323	0.138913	0.0367369	0.0268387	0.129888	0.0698582	0.240423	0.137962	0.00992736	0.0075783	0.0267968	0.0996502	0.29715	0.272183	0.142655	0.00203059	0.132315	0.00361817	0.0506775	0.158451	0.0390379	0.0543088	0.00208448	0.0240617	0.0596806	0.0464473	0.114142	0.09727	0.00714277	0.0653711	0.13152	0.0120421	0.00179386	0.116971	0.138869	0.0932092	0.00745299	0.0475788	0.00639826	1.04E-01	0.00285662	0.0326006	0.0818086	0.0472016	0.0227213	0.0801344	0.385629	0.2351	0.0209244	0.0592771	0.00433231	0.127026	0.0128793	0.115526	0.00268393	0.464875	0.00272836	0.148226	0.0928348	0.02496	0.0816041	1.37E-01	0.0225727	0.0225349	0.0885283	0.0979749	0.17791	0.134357	0.0391252	0.162988	0.200708	0.0526597	0.0864032	8.15E-04	0.13318	0.166072	0.139817	0.077209	0.0837211	0.0141463	0.0245016	0.0581373	1.02E-01	0.0348364	0.0183689	0.0387126	0.34121	0.100051	0.124324	0.0312718	0.0936383	0.0935466	0.021577	0.0104906	0.0116935	0.0446476	0.0194669	0.104822	0.00150238	0.0945804	0.427434	0.0424621	0.0171369	0.0614925	0.0918975	0.0306799	0.0546729	0.00921253	0.268758	0.00168075	0.026565	0.0381018	0.00560031	0.380336	0.00170799	0.0601574	0.126649	0.141994	0.031723	0.129975	0.0959384	0.117389	0.0263317	0.335912	0.0834374	0.0848384	0.0469225	0.140972	0.116405	0.0604928	0.158625	0.41572	0.0798374	0.108388	0.314531	0.469152	0.108197	0.283663	0.115816	0.0314672	0.378141	0.12884	0.0478998	4.17E-04	0.00125944	0.0745201	0.0588023	0.0790098	0.0459854	0.12322	0.0525491	0.0467219
1.60E-04	0.0124349	1	0.00274847	0.164152	9.71E-04	0.00257038	8.53E-06	7.87E-04	0.00116468	1.62E-04	0.0123508	0.0011391	0	0	5.16E-04	0.0062621	0.00114929	4.20E-03	0.00257364	5.70E-05	0.00257505	0.00408021	0	0.00101136	2.37E-03	0.00E+00	0.00E+00	0	8.04E-04	0.0013926	7.55E-04	9.41E-04	0.00E+00	3.96E-04	9.33E-04	0	0	0.00105124	1.16E-02	1.63E-04	8.52E-04	0.00E+00	0	0.00156575	0	2.73E-03	7.51E-04	0	0	8.37E-04	0.00411683	9.42E-05	0.00174077	8.69E-04	0.00E+00	0.0112632	2.58E-04	0	0	0.00105601	0.00183324	0.0025852	1.23E-03	0.00179803	3.15E-04	0.00282837	0	0.00178853	0.00101873	0	2.17E-03	0.00107449	0.00E+00	1.66E-03	3.76E-05	0.00746984	6.01E-04	0.00E+00	1.18E-03	0.0363776	1.72E-03	1.41E-02	2.94E-04	0	5.03E-05	0.0129369	9.85E-04	3.37E-04	0	7.89E-06	6.97E-05	8.03E-04	0.00108002	0.00E+00	0.00260595	3.72E-04	4.57E-05	0.00215319	1.80E-03	0	0.00E+00	0.00755274	4.20E-04	0.00100228	7.40E-05	1.70E-03	6.16E-04	1.28E-04	1.16E-03	0	3.01E-04	0	7.50E-05	0	9.06E-04	0.00E+00	0.00E+00	7.28E-05	0.00E+00	7.92E-04	2.59E-03	0.00167903	0	1.23E-02	4.13E-04	4.04E-04	9.33E-05	6.97E-05	8.35E-04	0.00E+00	4.45E-05	0	0.0123384	0	0.00133331	7.46E-05	0.00107151	8.27E-04	3.41E-04	4.05E-04	0.00117643	2.76E-04	0.00127261	4.42E-05	0.00412073	0.00111297	6.62E-05	0	6.97E-05	9.12E-04	2.87E-05	0.0017337	2.83E-04	9.63E-04	6.20E-05	1.72E-04
0.0142175	0.0224347	0.00274847	1	0.00908444	0.00224511	0.0314628	0.00359692	0.0345814	0.031207	0.0226715	0.0312936	0.0896735	0.00104782	2.55E-04	0.0088323	0.0121324	0.00532683	0.0268763	0.089336	0.00137362	0.0956017	0.00231886	0.0155141	0.0142522	0.00552607	0.0222519	0.00113529	0.00141869	2.19E-02	0.0117077	0.0229018	0.0185729	4.58E-02	0.00990038	0.0217264	0.00741729	8.61E-04	0.0141673	0.0129585	0.0782494	4.37E-04	0.00180337	0.00172503	0.00692143	0.147744	0.613698	0.00744867	0.00181698	0.00823234	2.14E-02	0.0137615	0.00455022	0.00512359	0.0163605	0.00152977	0.0141079	0.0056373	0.0199148	2.03E-04	0.0186932	3.92E-04	0.0805562	0.009606	0.00186001	0.00587714	1.26E-01	0.0427476	0.0283734	0.00677418	0.00621581	0.0221028	0.131921	0.00666272	0.0141777	0.00182408	0.00244144	0.0628779	3.14E-04	0.0693676	0.00349604	0.0260194	0.0137361	1.37E-02	0.00624023	0.00514962	0.00382049	0.0273184	0.00432275	0.00150624	0.0118533	0.0114084	0.00877506	0.0366718	0.0224948	0.0242067	0.0113756	0.010746	5.95E-04	0.00198659	5.96E-03	0.00173607	0.0125404	2.90E-04	0.0166953	0.010043	0.0105527	1.73E-03	0.0123559	0.0768061	0	0.0280755	0.00312901	0.00674393	0.00159237	0.0060372	0.0135891	0.00179507	0.00536406	5.21E-05	0.0342897	0.129802	0.0114341	0.0124795	7.35E-02	0.00851957	0.0171392	0.00521862	8.22E-04	0.147984	0.00914832	0.00477972	0.00465351	0.0242156	0.0123376	0.00798586	0.0053412	0.0439017	0.02701	0.00885605	0.00491127	0.0216976	0.0034743	0.0280969	0.0191165	0.0126059	0.0128402	0.00957764	2.50E-04	4.55E-05	0.00401596	0.00978618	0.0369339	0.0122746	0.0298714	0.0106518	0.00173183
0.0351468	0.0259071	0.164152	0.00908444	1	0.00270951	0.0293932	0.00197298	0.00396512	0.0123393	0.0048922	0.0351399	0.00961158	0.00159295	5.69E-05	0.00969543	0.0213184	0.0168169	2.10E-02	0.0135348	7.91E-04	0.0129042	0.00556313	0.00421193	0.0140946	0.0161979	0.00249778	0	0.0146089	5.86E-03	0.00565946	0.00849343	0.00835537	2.49E-03	0.00842301	3.79E-02	0.00144508	9.45E-04	0.01832	0.0235861	0.00559882	6.52E-04	0.00459175	3.99E-04	0.0212952	4.48E-06	0.00894211	1.25E-02	0.00449285	3.26E-04	1.03E-02	0.0288179	0.019892	0.00665406	0.00724795	1.98E-05	0.00935343	0.0086694	0.0217212	1.34E-05	0.00547236	0.00432265	0.0214669	0.0054657	0.00738077	0.0057379	0.0375647	0.00210974	0.0073818	0.0088539	0.00379772	0.0346429	0.0122994	0.00548228	0.0190633	0.00435516	0.00521837	0.00785843	0.0014808	0.00808753	0.0319644	0.021159	9.40E-02	0.00431013	0.00756727	0.00181371	0.0163762	1.74E-02	0.00181164	0.00259353	0.00595827	0.00727111	0.00977575	0.0119186	8.25E-04	5.01E-02	0.00486179	8.24E-04	4.09E-03	0.00414502	2.13E-03	0.00385041	0.00817711	9.92E-04	0.027735	0.00741107	0.00724314	0.0031036	0.00760159	0.0150641	0	0.00640358	1.27E-04	0.00470891	7.93E-06	0.00449254	0.00413169	5.67E-05	0.004617	7.23E-04	0.00801011	0.011669	0.0102661	0.00433306	1.59E-02	0.00716963	0.0356421	0.00696627	0.0040743	0.00809334	0.00313038	0.0033677	0.00458301	0.0449084	0.00199351	0.109674	0.00448329	0.00721511	0.00838054	0.00445036	0.00621843	0.0105576	0.00349692	0.0125872	0.00621069	0.00723054	0.0176668	0.0346828	4.66E-05	2.90E-04	0.00203156	0.00312838	0.0128717	0.00222187	0.00999006	0.00242182	0.00343926
0.0438024	0.0366323	9.71E-04	0.00224511	0.00270951	1	0.0286709	0.0261441	0.01175	0.0557976	0.0265465	0.0405043	0.0572527	8.86E-04	0.00109841	0.00458314	0.0402185	0.0251859	3.35E-02	7.18E-02	3.95E-04	0.0461561	8.30E-04	0.00431945	0.053632	0.00982436	0.00708061	5.06E-04	0.0016807	9.72E-03	0.0118952	0.0448035	0.0427537	0.00257128	0.010682	0.0656484	0.00183482	4.95E-04	0.0646045	0.0496098	0.0493516	0.753892	0.00596009	0.00505862	0.0254768	2.24E-04	0.00351999	0.0433723	0.00673553	0.00828218	4.87E-02	0.0171404	0.00481696	0.00416856	0.0164678	0.00163251	0.0171778	0.00307355	0.0163376	8.12E-04	0.00963492	5.44E-04	0.048683	0.0460876	0.00716976	0.0127881	1.86E-02	0.0101939	0.044222	0.0287387	0.0151009	0.0359221	0.0607175	0.0010561	0.0523649	0.00761208	3.66E-03	0.040663	5.84E-05	0.0223233	0.00353336	0.0452962	0.0168903	0.0438388	0.00269752	0.0063337	0.00839091	0.0245582	0.00336307	5.72E-04	0.00834769	0.00620735	0.0645002	0.0638246	0.0031418	0.0239779	0.047644	0.00157705	3.39E-03	5.37E-04	5.42E-03	0.00265001	0.039385	1.08E-04	0.0201292	0.00529863	0.00751965	2.33E-03	0.0264764	0.0197279	0.0667962	0.0119845	0.0181316	0.0134422	4.33E-04	0.00341518	0.00186284	7.97E-04	0.0260782	6.03E-04	0.00827291	0.0466161	0.0679997	0.00200572	5.15E-02	5.62E-02	0.0632313	0.0132219	4.61E-04	0.0465092	0.0176536	0.0356232	0.0165174	0.0394341	0.00592174	0.0025238	0.00852034	0.043609	0.0353186	0.00500607	0.00755015	0.0350542	0.0123639	0.037383	0.0113423	0.0269551	0.0377834	0.00396787	2.96E-04	1.03E-05	2.84E-04	0.0114723	0.0189979	0.0167257	0.0544373	0.00789783	0.0164649
0.208964	0.138913	0.00257038	0.0314628	0.0293932	0.0286709	1	0.117578	0.0695368	0.218916	0.106473	0.37249	0.170397	0.00997167	0.00564992	0.104676	0.176167	0.112133	0.152397	0.175886	0.0103234	0.205231	0.00646569	0.169833	0.285467	0.12779	0.0862745	0.00386178	0.0516281	0.114337	0.0329376	0.224479	0.149809	0.0304799	0.165313	0.298496	0.0114615	0.00295129	0.216966	0.254433	0.168181	0.00544617	0.149044	0.039412	2.91E-01	0.0705383	0.0468389	0.214025	0.135835	0.0950898	0.115907	0.106899	0.104733	0.180269	0.107512	0.00441836	0.118245	0.204341	0.0981056	0.0124624	0.0521087	0.00385944	0.203037	0.238464	0.0300415	0.180489	0.156249	0.0416723	0.0339877	0.596574	0.142155	0.23838	0.219529	0.152772	0.246167	0.214249	0.0537957	0.159865	0.00155701	0.0410292	0.0638448	0.120381	0.134011	0.17293	0.117172	0.0359547	0.111803	1.24E-01	0.0320982	0.117641	0.110912	0.0844468	0.220151	0.178405	0.0527047	0.131146	0.210566	0.0482412	0.0065931	0.00586817	0.0495922	0.0649434	0.25815	8.17E-04	0.374507	0.0806434	0.0465375	0.0919274	0.172368	0.120338	0.0106885	0.0994889	0.0143228	0.198847	0.00186951	0.052255	0.0469856	0.001154	0.0919237	0.00265921	0.0823962	0.162095	0.19927	0.0527802	1.91E-01	0.194729	0.214151	0.0467588	0.0177228	0.110374	0.0936863	0.152447	0.323499	0.183284	0.0847878	0.171132	0.0641502	0.135233	0.239389	0.118955	0.0396877	0.058485	0.0353803	0.22186	0.101188	0.126869	0.175092	0.0568805	3.07E-04	2.71E-04	0.279715	0.120484	0.104663	0.0606913	0.144743	0.0736892	0.0257528
0.0520037	0.0367369	8.53E-06	0.00359692	0.00197298	0.0261441	0.117578	1	0.0157975	0.0756085	0.0272902	0.052487	0.071825	0.0109415	0.00206376	0.0056138	0.0510667	0.0470784	0.0447759	0.108049	0.0017552	0.102751	0.00131693	0.017089	0.0999375	0.0222235	0.00622431	4.85E-04	0.00782714	0.012663	0.010765	0.0945975	0.0480628	3.42E-03	0.0127609	7.23E-02	0.00452843	1.01E-03	0.0625575	0.0531514	0.037617	1.34E-05	0.0027934	7.18E-04	3.64E-02	3.63E-06	0.00596635	6.30E-02	0.00283276	6.55E-04	0.046886	0.0519443	0.028843	0.00801878	0.0222406	3.32E-04	0.0223582	0.00310883	0.108807	0.00211934	0.0163733	0.00331287	0.0396072	0.0536605	0.00477916	0.0501439	1.18E-02	0.00560496	0.00339329	0.01584	0.0323368	0.0471558	0.0753806	0.00150299	0.0715374	0.0589545	0.00405351	0.0329752	4.27E-04	0.00752899	0.0212529	0.0597039	0.0154042	0.0581197	0.00358038	0.00752048	0.0138277	1.69E-02	0.0354725	0.0126003	0.0527086	0.0107125	0.0643901	7.08E-02	0.0101331	0.0482182	0.0539295	0.00675884	0.00309346	0.0027066	1.32E-02	0.00908057	0.0526138	3.62E-04	0.0198406	0.0127438	0.00974936	0.00555778	0.0322031	0.0129984	1.82E-04	0.0189583	0.00564383	0.082866	0.00339267	0.0168234	0.00423046	0.00181685	0.0275813	6.24E-04	0.0229691	0.0548299	0.0744482	0.00203311	4.21E-02	4.32E-02	0.0461103	0.012642	0.00277976	0.0307978	0.0635503	0.0225876	0.0251057	0.0448169	0.0112103	0.00485701	0.0513201	0.0397458	0.0450142	0.0559897	0.00875427	0.0106062	0.0107536	0.040294	0.0530657	0.0474633	0.0411276	0.0105758	0.00119632	6.33E-04	3.27E-04	0.0199358	0.0255353	0.00748922	0.0583539	0.012722	0.00437637
0.0311299	0.0268387	7.87E-04	0.0345814	0.00396512	0.01175	0.0695368	0.0157975	1	0.0981841	0.0361576	0.053104	0.116083	0.00190709	0.00548381	0.033514	0.0210693	0.035736	0.0309894	0.223758	0.00239806	0.126033	0.00282819	0.0202032	0.0440625	0.0265302	0.0469763	0.0142696	0.00478593	0.0744678	0.0179924	0.12184	0.0892517	0.0436045	0.0193497	0.0922864	0.0113892	0.0044815	0.0408707	0.0451809	0.0289679	0.00134464	0.0109694	0.024535	3.49E-02	0.0394252	0.0960573	2.99E-02	0.0123388	0.00806892	9.05E-02	0.0312396	0.0109282	0.010843	0.0944671	9.15E-04	0.0432798	0.00731839	0.0240753	6.27E-04	0.0172269	6.73E-04	0.136723	0.0207227	0.00286987	0.0155389	0.0473232	0.0968553	0.0730484	0.0219921	0.0120555	0.0465225	0.112479	0.0333222	0.0396976	0.0141153	0.00388929	0.0814663	0.00120012	0.0752054	0.0483366	0.112713	0.0254732	2.53E-02	0.0168927	0.122674	0.00587098	1.58E-02	0.0202013	0.0012807	0.0298734	0.0210092	0.0404378	1.72E-01	0.0243253	0.0271003	0.0270332	0.00759757	6.03E-04	0.0178704	0.0627036	0.0403012	0.0218617	2.75E-04	0.0294369	0.00821348	0.0208767	0.0026762	0.0674023	0.0588123	8.49E-04	0.0764967	0.00829942	0.0172245	0.00141928	0.0133149	0.0134119	0.00357912	0.0124454	0.00748202	0.111088	0.1266	0.0295762	0.0114019	1.47E-01	2.62E-02	0.0255368	0.0658215	0.00136319	0.0979993	0.0244733	0.028834	0.0320979	0.0288599	0.0492322	0.0171391	0.00860212	0.082449	0.115598	0.00901613	0.00616969	0.0684465	0.00377038	0.0928855	0.0705207	0.0113627	0.0196181	0.0166511	6.98E-05	1.95E-04	1.77E-04	0.0128165	0.15903	0.0228993	0.073794	0.0566182	0.00515674
0.178851	0.129888	0.00116468	0.031207	0.0123393	0.0557976	0.218916	0.0756085	0.0981841	1	0.112383	0.161206	0.265425	0.0104247	0.00805532	0.0431672	0.117424	0.0639638	0.0971589	0.251344	0.00453062	0.27984	0.00530811	0.0966195	0.176265	0.0722765	0.0883345	0.00450013	0.0180406	0.119384	0.0321894	0.223426	0.202385	0.066686	0.142064	0.19237	0.0697023	0.00395588	0.166949	0.184349	0.139094	0.0137348	0.0834582	0.0534789	1.14E-01	0.015618	0.0618581	0.152259	0.0831468	0.0430985	0.161883	0.067635	0.0440627	0.0237763	0.153075	0.0044711	0.210766	0.0847866	0.153481	0.012971	0.039795	0.00150436	0.269636	0.159273	0.0221014	0.0933487	0.123898	0.0647751	0.0607638	0.108201	0.112075	0.185876	0.267502	0.0435934	0.174809	0.0447967	0.00884304	0.177815	0.00121761	0.0583148	0.0423804	0.198642	0.059239	0.146828	0.0359573	0.139074	0.0712017	9.37E-02	0.0343534	0.0104509	0.122547	0.191758	0.155405	0.271484	0.0273538	0.169359	0.167628	0.0161093	0.00373843	0.0104433	0.0999397	0.134053	0.148103	5.49E-04	0.138907	0.0218284	0.032138	0.0130312	0.119606	0.125524	0.0210422	0.168091	0.0113536	0.0857535	0.00277519	0.0411278	0.0565216	0.00159773	0.0572897	0.00262048	0.141653	0.241989	0.170777	0.0526677	2.55E-01	0.15033	0.148954	0.152643	0.0118068	0.177226	0.0879487	0.0966863	0.0954293	0.130357	0.115386	0.0425849	0.0271771	0.150532	0.193609	0.0574919	0.0202426	0.137594	0.0346483	0.246949	0.176029	0.0384308	0.130824	0.0634957	1.82E-04	4.19E-04	0.00933968	0.111722	0.224869	0.0736918	0.19567	0.100417	0.0946309
0.133506	0.0698582	1.62E-04	0.0226715	0.0048922	0.0265465	0.106473	0.0272902	0.0361576	0.112383	1	0.132194	0.192164	0.0117	0.00340636	0.010298	0.0844612	0.0673189	0.0927642	0.131449	0.00148006	0.103815	0.0015919	0.0143457	0.0967566	0.0366935	0.0367976	0.00148262	0.0123171	0.0433024	0.00971251	0.189921	0.103828	9.03E-03	0.035101	0.158975	0.0124791	0.0015185	0.106711	0.126608	0.119552	7.54E-04	0.0655182	0.0197154	5.22E-02	0.0037115	0.0212197	0.101736	0.0687907	0.0185585	4.44E-02	0.0581757	0.0320224	0.0125898	0.0539438	0.00111835	0.0368161	0.0125632	0.0536852	3.00E-04	0.0197804	3.80E-04	0.153432	0.118914	0.00839646	0.0195353	3.14E-02	0.015643	0.064696	0.0574678	0.15142	0.10154	0.127059	0.0176203	0.131704	0.0271271	0.00301424	0.0934894	2.65E-04	0.0217831	0.0257359	0.0855154	0.0196346	0.167315	0.00879525	0.0197819	0.00848828	1.10E-01	0.00824355	0.00449249	0.126622	0.0161016	0.111248	1.63E-01	0.0286535	0.0716834	0.11328	0.00958838	0.00143147	0.00472142	0.0194652	0.0155414	0.108354	3.10E-04	0.113325	0.0119261	0.00897856	0.00462575	0.0521828	0.103412	7.97E-04	0.112777	0.154297	0.0678092	0.00181925	0.00771077	0.0219743	0.00146233	0.0863825	0.00102648	0.041464	0.120266	0.120155	0.00583932	9.38E-02	1.00E-01	0.102464	0.0284853	0.00299433	0.0773892	0.0288845	0.0537764	0.0767457	0.103113	0.110492	0.0237548	0.0253376	0.157824	0.122792	0.126307	0.0121612	0.0212414	0.0292502	0.0819203	0.0327906	0.0556579	0.0821929	0.0339618	1.34E-04	2.35E-04	1.70E-04	0.0963985	0.0599888	0.0669504	0.115144	0.0256416	0.0521748
0.148101	0.240423	0.0123508	0.0312936	0.0351399	0.0405043	0.37249	0.052487	0.053104	0.161206	0.132194	1	0.148779	0.0107409	0.00610637	0.0249057	0.121914	0.176886	0.255427	0.15109	0.00606585	0.160054	0.00532236	0.066972	0.237598	0.0914024	0.0644194	0.00379875	0.0412955	0.0658678	0.224828	0.151535	0.11368	0.012547	0.109567	0.199337	0.015397	0.00147968	0.157554	0.173529	0.111053	0.0135293	0.0120196	0.019856	1.81E-01	0.0315359	0.0447128	0.130286	0.0142178	0.21589	0.087822	0.198501	0.140704	0.231399	0.0658936	0.00203799	0.12403	0.20562	0.117494	0.00670533	0.285182	0.00297505	0.194242	0.128678	0.0185267	0.139211	1.84E-01	0.0400489	0.0204102	0.460187	0.116574	0.181566	0.178955	0.0928624	0.194815	0.236228	0.0410066	0.0937321	8.96E-04	0.0494852	0.128982	0.156804	0.0911972	0.140437	0.0162092	0.0263611	0.0296288	0.0890047	0.0228135	0.112642	0.133289	0.247736	0.146835	0.195494	0.0638681	0.129214	0.166186	0.0503483	0.0235412	0.0121907	0.107163	0.0185327	0.204205	0.00102808	0.287719	0.160257	0.0316549	0.0147249	0.101508	0.0834415	0.0209257	0.0993187	0.0108725	0.218378	0.00183571	0.0663914	0.0559372	0.00193081	0.210243	0.00210161	0.0775613	0.147032	0.146342	0.0533885	1.48E-01	0.100655	0.149898	0.0386037	0.20807	0.107809	0.0766419	0.0595035	0.324711	0.133884	0.0813539	0.23109	0.12366	0.105941	0.227261	0.245884	0.118857	0.103007	0.300602	0.172172	0.0748083	0.23431	0.163477	0.0725044	2.93E-04	5.82E-04	0.00882145	0.0848971	0.102383	0.0455803	0.109949	0.0500438	0.0235497
0.188835	0.137962	0.0011391	0.0896735	0.00961158	0.0572527	0.170397	0.071825	0.116083	0.265425	0.192164	0.148779	1	0.0106235	0.0101823	0.0617052	0.116172	0.0606627	0.08822	0.262385	0.00806053	0.285987	0.0027172	0.0919945	0.142497	0.0569999	0.0708744	0.0043821	0.0287694	0.128405	0.0370431	0.230806	0.208032	0.0611705	0.139975	0.208345	0.0576855	0.00366578	0.169787	0.181803	0.168667	0.0135067	0.121482	0.0427646	0.0991174	0.0317742	0.160174	0.156605	0.115679	0.0331256	0.177582	0.063284	0.0579207	0.0228587	0.176826	0.0056816	0.168779	0.0182452	0.10127	0.00303045	0.0495497	7.07E-04	0.279676	0.184488	0.0197627	0.0504962	0.177172	0.153606	0.0711851	0.0855002	0.135523	0.204074	0.263456	0.0310767	0.20379	0.0510818	0.0089381	0.169241	0.00114833	0.156445	0.075128	0.216327	0.0518206	0.19187	0.0219799	0.150362	0.0220943	1.25E-01	0.0351095	0.110061	0.162443	0.223818	0.173659	0.261467	0.0324916	0.147836	0.151493	0.0176331	0.00362747	0.0138554	0.111393	0.0505254	0.16546	5.94E-04	0.128763	0.0465883	0.0331078	0.0117012	0.116475	0.137656	0.0278198	0.180717	0.151479	0.0797242	0.00252357	0.0321964	0.0843855	0.00173691	0.0610814	0.00205132	0.142342	0.252033	0.173013	0.0554841	2.38E-01	0.156157	0.178224	0.0766558	0.0111535	0.146917	0.105995	0.0906704	0.0887965	0.132404	0.175154	0.0256682	0.0368055	0.177871	0.208308	0.0978944	0.0207932	0.190271	0.0351181	0.225082	0.135469	0.0453313	0.126918	0.0647747	1.71E-04	4.32E-04	0.00935852	0.181965	0.218787	0.0783859	0.200996	0.102134	0.0953901
0.00975664	0.00992736	0	0.00104782	0.00159295	8.86E-04	0.00997167	0.0109415	0.00190709	0.0104247	0.0117	0.0107409	0.0106235	1	1.32E-04	0.00307218	0.0100959	0.00378723	9.76E-03	1.04E-02	8.63E-04	0.0104162	4.54E-04	0.00465907	9.81E-03	0.00217576	0.00132642	0.00185105	2.81E-03	0.00890539	7.31E-04	0.0106037	0.0105384	0.00122044	0.0109914	0.010218	6.77E-04	0.00228282	1.04E-02	0.0100157	0.00158583	0.00E+00	0.00158	0.00570521	0.00978809	0	9.30E-04	1.26E-02	0.00201544	3.00E-04	1.13E-02	0.00338407	0.00186254	0.00203367	0.0047476	4.10E-04	0.00690566	0.00149528	0.00244399	2.62E-04	0.0013137	3.02E-04	1.06E-02	0.00160944	0.00139451	0.00158855	4.49E-03	0.00111462	0.00143241	0.00392385	0.00251964	0.0106045	0.0104961	7.75E-04	0.00964228	0.00190905	0.0019609	0.00996395	9.35E-04	0.0020618	0.0023328	0.0106185	1.33E-03	0.0110049	0.00234399	0.0018072	0.00189539	9.90E-03	0.00154428	3.70E-03	0.015382	7.50E-04	0.00998527	1.05E-02	7.79E-04	0.0102759	0.00199842	8.44E-04	0.00171462	0.00316652	1.43E-03	0.00746275	0.00107878	4.97E-04	0.00977573	0.00173356	9.68E-04	1.29E-03	1.06E-02	0.00996968	2.83E-04	0.0103586	0.00227968	0.0014439	6.08E-04	0.00136209	0.00105598	0.00625142	0.00132975	8.59E-04	0.0112998	0.01086	0.00212735	3.53E-04	1.04E-02	9.87E-03	0.00618461	0.00383482	9.04E-04	0.0109825	9.60E-04	0.00200736	0.0100283	0.00983943	0.00104761	0.00256744	0.00212716	0.00990503	0.00974276	0.00448439	0.00120478	0.00182341	0.0016847	0.0105646	0.00231239	0.00219294	0.0099802	0.00334134	3.36E-04	6.52E-04	2.22E-04	0.00972607	0.00998808	0.00128919	0.0100779	0.00538555	0.00136561
0.00534774	0.0075783	0	2.55E-04	5.69E-05	0.00109841	0.00564992	0.00206376	0.00548381	0.00805532	0.00340636	0.00610637	0.0101823	1.32E-04	1	0.00630216	0.102782	0.00318176	3.44E-03	6.60E-03	1.62E-04	0.0100481	2.92E-04	0.00425662	0.00406071	0.00523671	0.00448423	0	3.51E-03	0.00804211	0.00294981	0.00977519	0.00677354	9.77E-04	1.91E-03	0.00474748	7.73E-04	0.00297846	4.24E-03	0.0068587	1.95E-03	0	3.77E-04	0	0.00916004	0.00E+00	5.80E-05	0.00497526	3.01E-04	0	0.00864063	0.00428066	0.00175083	6.07E-04	0.00913946	0.0146856	0.00874235	1.79E-03	0.00318832	0	0.00391302	3.88E-04	9.67E-03	9.01E-04	8.94E-03	0.0033687	4.10E-03	8.27E-04	0.00405648	0.00461028	0.00149484	0.0103689	0.00776122	1.81E-04	0.00579905	0.00296207	9.22E-04	0.01199	9.94E-04	0.00145184	0.00413519	0.011087	1.27E-01	1.65E-03	0.00117004	0.00531595	8.37E-03	0.00446136	0.0059416	0	0.00400175	0.0040736	0.00379621	0.0079601	0	0.00292299	0.00139152	4.73E-04	3.69E-04	0.00141982	0.00249706	0.00712748	9.00E-04	0.00332592	0.00929446	0.00180597	0.0102929	0.0135136	0.0241013	0.00447168	0.00E+00	0.00506066	0	0.00174299	0	0.00361086	9.82E-04	0.00258302	0.00217356	0.00141036	0.00643596	0.0102945	0.00667087	0.00131475	1.01E-02	0.00427683	0.00380833	0.00252069	0.0042497	0.00501021	4.68E-03	0.00400051	3.72E-04	0.0105025	0.00370385	0.00357346	0.0020348	0.00430134	0.00584087	0.0022951	0.00289317	0.00213708	0.00375654	0.00778611	0.0119278	0.00243931	0.00242072	0.00257089	0	5.01E-05	0	0.00149837	0.0111289	0.0037565	0.00878504	0.00752969	8.48E-04
0.0254521	0.0267968	5.16E-04	0.0088323	0.00969543	0.00458314	0.104676	0.0056138	0.033514	0.0431672	0.010298	0.0249057	0.0617052	0.00307218	0.00630216	1	0.0222382	0.0122171	0.0159544	0.181727	0.00511282	0.136642	0.00414802	0.0230973	0.100112	0.018034	0.0162552	0.00483817	0.00170511	0.0262391	0.0152905	0.0399355	0.0575039	0.00333754	0.0146464	0.0258339	0.0053354	4.82E-03	0.0251226	0.0215854	0.0233593	0.00152171	0.00259682	0.00428494	0.045061	9.05E-04	0.0141081	1.70E-02	0.00217049	0.00301485	3.82E-02	0.0228484	0.00857117	0.00394783	0.0337545	6.09E-04	0.0481211	0.0159188	0.0064909	5.21E-05	0.0181444	0.00306002	0.0465117	0.0223965	0.00977913	0.0225933	0.017984	0.00942906	0.0119683	0.0166984	0.0119558	0.0325489	0.0388262	0.00473193	0.0232004	0.0142335	0.00532839	0.0549984	0.0013798	0.0144628	0.0109052	0.0421706	0.0113511	0.0121972	0.19511	0.0150438	0.0119279	0.051056	0.0117961	0.00544806	0.0240368	0.0131069	0.0200059	0.0394515	0.00662476	0.0154556	0.0194545	0.00378415	0.00166056	0.00779703	0.0157897	0.0139232	0.0135576	0.00149769	0.0218684	0.00963218	0.00982773	0.00509925	0.0244826	0.0259357	0	0.0288349	0.00732153	0.0157234	0.00240646	0.00680729	0.00811241	0.00379364	0.00936377	0.00378393	0.0560532	0.0519124	0.0457617	0.00853887	1.59E-01	0.0232142	0.0215384	0.0195624	0.00235331	0.0293953	0.101436	0.0219203	0.0145367	0.0254486	0.0206247	0.0133069	0.00825133	0.0257558	0.0394902	0.010191	0.00830437	0.0184802	0.00786347	0.113792	0.0244944	0.0140172	0.0148788	0.0154183	6.95E-04	4.68E-04	0.00127229	0.00520301	0.202572	0.156349	0.0596689	0.0231409	0.0097817
0.158711	0.0996502	0.0062621	0.0121324	0.0213184	0.0402185	0.176167	0.0510667	0.0210693	0.117424	0.0844612	0.121914	0.116172	0.0100959	0.102782	0.0222382	1	0.0753571	0.0755775	1.03E-01	0.00278688	0.113623	8.89E-04	0.0715445	0.109383	0.0438125	0.0512292	0.00175995	0.0150443	0.0367999	0.0187945	0.103087	0.103102	0.00735488	0.0443841	0.148806	0.00961984	0.00300721	0.148322	0.168865	0.118518	0.00836082	0.0132383	0.0103891	2.53E-01	0.00282849	0.00946604	0.156501	0.0119003	0.0634248	4.73E-02	0.0780645	0.0723757	0.0128286	0.045968	0.122515	0.0437087	0.0264526	0.0347625	7.34E-04	0.0441792	5.18E-04	0.100202	0.157104	0.510669	0.0373865	3.93E-02	0.00801912	0.4266	0.117882	0.0826385	0.158114	0.112717	0.011041	0.171356	0.0363545	0.0171628	0.0843053	9.90E-04	0.023099	0.011432	0.0775386	0.42111	0.150629	0.0237999	0.0205512	0.316685	8.41E-02	0.0269028	0.130938	0.0483739	0.0300457	0.146727	9.21E-02	0.0266467	0.0740938	0.157907	0.0112619	0.00412099	0.00606664	0.0474059	0.0187835	0.169046	0.00649176	0.167812	0.0704701	0.375133	0.240456	0.122579	0.0634229	7.77E-04	0.0463636	0.0118118	0.06341	0.00188016	0.0125566	0.0116009	0.00329078	0.0780445	0.00166268	0.0313921	0.106063	0.138055	0.007106	1.16E-01	1.47E-01	0.152301	0.035277	0.0147309	0.0638433	0.0605699	0.0836849	0.117104	0.137747	0.0591789	0.0349072	0.0414263	0.0979403	0.14714	0.0504046	0.03956	0.0197834	0.0580087	0.0976045	0.0366103	0.070925	0.128421	0.0323712	9.52E-04	9.99E-04	2.30E-04	0.0876584	0.059582	0.0477047	0.107167	0.031213	0.014189
0.0667729	0.29715	0.00114929	0.00532683	0.0168169	0.0251859	0.112133	0.0470784	0.035736	0.0639638	0.0673189	0.176886	0.0606627	0.00378723	0.00318176	0.0122171	0.0753571	1	0.359575	0.0703041	0.00279763	0.0757194	0.00119941	0.0347244	0.108428	0.0219639	0.0229317	0.00128768	0.0164475	0.0265169	0.0458284	0.0987058	0.0590358	0.00734303	0.0703644	0.0684207	0.00584676	0.00106155	0.0668381	0.082065	0.084615	0.00310018	0.00289962	0.00326265	9.12E-02	0.00119237	0.0055939	0.0610983	0.00330367	0.0224133	0.038063	0.320482	0.259831	0.0553265	0.0595919	0.00645511	0.0456083	0.0133979	0.0330186	0.00260644	0.58808	8.16E-04	0.0571732	0.0805744	0.0576695	0.0394276	2.97E-02	0.00586385	0.0382426	0.0889825	0.0938828	0.109157	0.0571606	0.0264538	0.117133	0.218912	0.0174887	0.0401427	7.44E-04	0.0123668	0.0161061	0.0726883	0.0647221	0.0515704	0.00812515	0.0146036	0.0623441	0.0872548	0.0293112	0.0466501	0.0317624	0.125883	0.0574997	8.67E-02	0.0337162	0.0556557	0.0821948	0.00708864	0.0241498	0.00632926	0.0452875	0.0114124	0.0819747	0.00172652	0.110674	0.504648	0.0680979	0.0301181	0.0673018	0.0680957	5.53E-04	0.0316018	0.00582812	0.305815	0.00199589	0.0306975	0.0078442	0.00863872	0.548254	0.00101241	0.0310403	0.0687287	0.0907402	0.00561179	0.0570594	0.07795	0.0638746	0.0110776	0.332909	0.042048	0.0240479	0.0408237	0.0624976	0.0787781	0.0314505	0.160142	0.480794	0.0619442	0.0604405	0.357011	0.485592	0.0191242	0.116611	0.0818899	0.02199	0.52646	0.0741299	0.0485073	0.00113964	0.00162346	0.00188923	0.0262715	0.0528918	0.0181802	0.0460397	0.0263477	0.0137473
0.100224	0.272183	0.00419546	0.0268763	0.0209845	0.0335197	0.152397	0.0447759	0.0309894	0.0971589	0.0927642	0.255427	0.08822	0.00975767	0.00344225	0.0159544	0.0755775	0.359575	1	0.101252	0.00362532	0.109834	0.0078316	0.0319833	0.126468	0.0771223	0.0879531	0.00161048	0.143148	0.0452324	0.295954	0.114706	0.112133	0.00553242	0.0483523	0.123226	0.00475655	0.00119215	0.0934342	0.127916	0.109718	0.0050262	0.0708556	0.00484301	0.0909889	0.00286923	0.0254849	0.0736319	0.0651307	0.0410049	0.0447589	0.362977	0.223778	0.083265	0.056768	0.00234845	0.0522373	0.0224647	0.061474	0.00691531	0.443365	0.0045185	0.0983643	0.0854886	0.0323798	0.0559526	0.13828	0.00941747	0.0870777	0.126399	0.0866162	0.139918	0.101124	0.0737967	0.147849	0.48739	0.0510137	0.0456113	6.74E-04	0.0181986	0.0222041	0.122694	0.0441248	0.0748882	0.010622	0.0214632	0.100604	9.15E-02	0.0361965	0.114581	0.0390691	0.328049	0.081317	0.150867	0.0804603	0.0633793	0.0955772	0.0210586	0.0240517	0.00974621	0.0909473	0.0230393	0.0958974	0.00136991	0.0909138	0.400839	0.0388652	0.0174653	0.053306	0.0727903	0.00425496	0.0773862	0.00709139	0.31848	0.00100025	0.093194	0.0105887	0.0106782	0.366495	4.56E-04	0.0337498	0.0819447	0.0897297	0.0074991	1.00E-01	0.0766979	0.0827026	0.0141931	0.327309	0.0488925	0.0334154	0.0497027	0.0754436	0.0957505	0.071863	0.17504	0.373692	0.0973019	0.103699	0.373217	0.453485	0.0287724	0.261729	0.123255	0.0410776	0.475138	0.0888726	0.054242	5.73E-04	0.00158774	0.009049	0.0316238	0.0941148	0.0279245	0.0681289	0.0398001	0.0162201
0.13446	0.142655	2.57E-03	0.089336	1.35E-02	7.18E-02	0.175886	0.108049	0.223758	0.251344	0.131449	0.15109	0.262385	1.04E-02	6.60E-03	0.181727	0.103415	0.0703041	0.101252	1	0.00556732	0.309695	6.39E-03	0.0804513	0.213294	0.0707756	0.0879214	0.00477184	0.0184923	2.41E-01	0.035702	0.23702	0.208718	1.05E-01	0.111999	1.89E-01	0.020942	2.89E-03	0.139822	0.167798	0.139497	1.35E-02	0.0384683	0.215281	1.23E-01	0.0316012	0.166915	1.15E-01	0.0396479	0.0384282	1.75E-01	0.0771917	0.0663345	0.0258777	0.198398	0.00346975	0.209977	0.0390868	0.117466	0.0109917	0.0504777	0.00244494	3.00E-01	0.102068	3.28E-02	0.14786	2.12E-01	0.152211	0.0776484	0.114756	0.105435	0.186615	2.84E-01	3.36E-02	0.158334	0.0624703	5.01E-02	0.161109	1.19E-03	0.126372	0.088946	0.185674	0.0726629	1.09E-01	0.141433	0.176071	0.0925641	0.101432	3.32E-02	0.057116	0.152283	0.0863521	0.130907	0.29151	0.0408477	1.42E-01	0.108679	0.0260258	3.79E-03	0.0143047	7.07E-02	0.0558154	0.122045	5.43E-04	0.10012	0.0632377	0.0484643	1.22E-02	0.103325	0.180653	0.0212082	0.151495	1.51E-01	0.105481	0.00265646	0.0441303	6.47E-02	0.00179537	0.0790057	0.00235118	0.172996	0.242409	0.127678	0.0554633	2.60E-01	1.25E-01	0.111698	0.236804	0.0199094	0.210401	0.148811	0.109055	0.0951565	0.114446	0.236361	0.125188	0.0541809	0.150294	0.177242	0.0594007	0.0268819	0.134059	0.0379076	0.273074	0.2228	0.0570859	0.130014	0.0889315	1.96E-04	4.39E-04	0.0093925	0.0955203	0.217878	0.0886039	0.184951	0.128252	0.0735461
0.00775613	0.00203059	5.70E-05	0.00137362	7.91E-04	3.95E-04	0.0103234	0.0017552	0.00239806	0.00453062	0.00148006	0.00606585	0.00806053	8.63E-04	1.62E-04	0.00511282	2.79E-03	0.00279763	0.00362532	0.00556732	1	0.00559478	2.09E-03	2.72E-03	0.00465643	0.00128649	7.27E-04	9.50E-05	0.00113525	3.90E-03	0.00280157	0.00349938	0.00404217	2.30E-03	0.00232072	8.30E-03	1.14E-03	2.97E-04	0.00158315	2.72E-03	0.00705524	4.34E-05	0.00941773	6.17E-04	5.63E-03	1.33E-05	0.00215654	1.94E-03	1.00E-02	2.62E-04	2.79E-03	0.00491064	0.00138624	0.00753862	3.05E-03	6.53E-04	0.00297891	0.004437	0.00177512	6.46E-05	0.00188926	0.0277448	3.49E-03	6.88E-03	1.37E-03	0.00175908	1.93E-03	0.00224301	8.26E-04	0.00493479	1.16E-03	0.00237817	3.28E-03	6.81E-04	0.00695176	0.00126889	5.34E-04	5.63E-03	4.96E-04	0.00549294	0.00156589	0.0062689	0.00169496	0.00244494	6.93E-04	6.56E-04	0.00214789	1.19E-02	1.77E-03	2.51E-04	2.58E-03	7.74E-04	0.001569	0.00480295	2.78E-04	2.13E-03	0.00194987	0.0125631	4.23E-04	4.82E-04	1.81E-03	0.00125399	0.00135067	3.45E-04	0.00389255	8.04E-04	0.00161945	1.87E-03	1.66E-03	1.70E-03	0.00E+00	0.00245612	8.09E-04	1.01E-03	1.89E-04	0.00694731	2.39E-03	1.68E-04	0.00101612	2.62E-04	0.00408702	0.0043131	0.00626111	7.84E-04	4.25E-03	0.00252546	0.00715619	0.00140977	3.91E-04	0.0026839	1.10E-03	0.00190588	0.00103595	0.00700249	5.02E-04	7.61E-04	0.00582806	0.00288027	0.00303905	9.65E-04	0.00110916	0.00357913	0.00344988	0.00445657	0.00248093	0.00158642	0.00138936	0.00106669	4.49E-04	4.54E-05	1.85E-04	0.00213844	0.00539498	0.00145311	0.00504194	0.0013609	0.00101226
0.157468	0.132315	0.00257505	0.0956017	0.0129042	0.0461561	0.205231	0.102751	0.126033	0.27984	0.103815	0.160054	0.285987	0.0104162	0.0100481	0.136642	0.113623	0.0757194	0.109834	3.10E-01	0.00559478	1	0.00535714	0.148826	0.173006	0.0955344	0.0738259	0.00562921	0.026972	0.189003	0.0471973	0.221384	0.232202	1.26E-01	0.174787	0.202529	0.0571434	0.00383329	0.149922	0.178848	0.125153	0.0205829	0.0353597	0.21428	1.31E-01	0.0846336	0.107238	0.141942	0.0451161	0.0429662	1.75E-01	0.0756615	0.0802241	0.0232221	0.20368	0.00454638	0.175488	0.0215854	0.134565	0.00240865	0.0663563	0.00115255	0.307983	0.136933	0.0581515	0.102954	0.142978	0.146148	0.148979	0.102393	0.102917	0.188939	0.286763	0.0432421	0.162296	0.0925172	0.0502685	0.162721	0.00124385	0.121047	0.0868119	0.207377	0.0713079	0.139704	0.0482773	0.17038	0.110613	0.0941966	0.0417422	0.0121376	0.136253	0.116569	0.146955	2.71E-01	0.0565028	0.144145	0.132091	0.0191691	0.00377108	0.0105611	0.230825	0.0686962	0.131377	6.21E-04	0.123581	0.0616754	0.0586519	0.0134784	0.136348	0.128046	0.0154372	0.170708	0.00957749	0.112296	0.00303615	0.0372712	0.0847467	0.00190767	0.0715115	0.00200171	0.170166	0.283376	0.147531	0.0579408	3.05E-01	1.32E-01	0.136611	0.219389	0.0146527	0.163175	0.119503	0.0885818	0.100334	0.120022	0.108191	0.0329822	0.0729169	0.159647	0.177143	0.0786208	0.0454594	0.158622	0.0431538	0.279571	0.136428	0.0636869	0.117884	0.0678488	1.75E-04	3.20E-04	0.00935158	0.0896504	0.227152	0.110097	0.217312	0.112307	0.0938847
0.00179854	0.00361817	0.00408021	0.00231886	0.00556313	8.30E-04	0.00646569	0.00131693	0.00282819	0.00530811	0.0015919	0.00532236	0.0027172	4.54E-04	2.92E-04	0.00414802	8.89E-04	0.00119941	0.0078316	0.00638594	0.00209426	0.00535714	1	9.59E-04	0.00410991	0.00654842	6.30E-04	6.42E-05	2.77E-04	0.00141328	0.00165824	0.00298569	0.00206943	0.00413332	0.0019384	0.00156702	0.00161772	2.81E-04	0.00154114	0.00143532	0.00126884	6.04E-04	0.00185384	6.05E-04	9.70E-04	0.00127948	0.00294619	6.91E-04	0.00127724	0.00140681	0.00242886	0.00798848	0.00137952	0.00166829	0.00189125	1.59E-04	9.67E-04	0.00453004	4.97E-04	2.01E-05	0.00152605	0.00532002	0.00470979	0.00117612	3.32E-04	0.00147679	0.00186653	0.00332919	5.80E-04	0.0052909	9.40E-04	0.00174756	0.00472774	3.90E-04	0.00116233	7.45E-04	7.70E-04	0.00188568	1.90E-04	0.00296611	0.00370621	0.00225337	8.29E-04	0.00145026	3.82E-04	5.80E-04	0.005507	1.13E-03	0.00813333	6.65E-04	6.11E-04	6.95E-04	0.00158357	2.32E-03	3.21E-04	0.0031005	0.00116668	0.00892408	0.00619263	5.94E-04	0.00180389	4.74E-04	0.00353427	3.25E-04	0.00363859	5.60E-04	4.75E-04	5.15E-04	8.16E-04	0.00133022	0	0.00209231	3.70E-04	6.16E-04	1.89E-04	0.00255378	0.00257037	1.55E-04	5.31E-04	3.38E-04	0.00343309	0.00294774	0.00296925	8.82E-04	6.07E-03	1.20E-03	0.00119181	0.00103303	6.02E-04	0.00490295	5.94E-04	7.36E-04	9.85E-04	0.00279351	4.71E-04	0.00489542	4.95E-04	0.00220213	0.00473768	5.06E-04	9.95E-04	0.00309645	0.00135685	0.00218378	0.00240237	0.00366851	0.00135563	8.83E-04	1.03E-04	1.90E-04	0.00582825	0.00113686	0.00237435	0.0022981	0.00218303	0.00106599	9.03E-04
0.0683054	0.0506775	0	0.0155141	0.00421193	0.00431945	0.169833	0.017089	0.0202032	0.0966195	0.0143457	0.066972	0.0919945	0.00465907	0.00425662	0.0230973	0.0715445	0.0347244	0.0319833	0.0804513	0.00271546	0.148826	9.59E-04	1	0.0468333	0.0110467	0.0174872	0.00509023	0.00641274	0.028874	0.00565371	0.0970201	0.0769665	0.00941055	0.0583962	0.11805	0.00755613	2.01E-03	0.0393365	0.0890459	0.0187116	4.72E-05	0.00440222	0.00843088	6.88E-02	0.0817488	0.0166644	4.20E-02	0.00428174	0.00792295	0.0784957	0.0196836	0.0154063	0.00357707	0.0624024	0.00188398	0.0932434	0.00503727	0.0123119	5.79E-04	0.0108761	4.16E-04	0.145526	0.0728768	0.00965022	0.0132979	2.15E-02	0.00651969	0.00770843	0.0237236	0.0233933	0.113538	0.144566	0.0136314	0.0645826	0.0128427	0.010368	0.109757	0.00125628	0.0184494	0.0116071	0.0808295	0.0277182	0.021377	0.00635431	0.0116991	0.0496588	2.01E-02	0.00679353	0.00355339	0.0658384	0.00894651	0.0596485	9.58E-02	0.0133229	0.0586022	0.0342601	0.00838306	0.00134561	0.00372969	0.0194852	0.0102508	0.0191008	0.00507206	0.0530149	0.011232	0.0535807	0.113126	0.0277239	0.0307455	5.45E-04	0.0602454	0.00496077	0.0215638	0.00955522	0.00600056	0.00750854	0.00113782	0.0142294	0.00157408	0.0570913	0.0868437	0.0464847	0.00645127	1.32E-01	6.84E-02	0.0466595	0.0129454	0.00166969	0.0497872	0.0189523	0.0818917	0.0177303	0.0545065	0.0233254	0.0102417	0.0102777	0.0443915	0.066579	0.00958554	0.0100901	0.0155847	0.00917869	0.158715	0.0300166	0.0136551	0.0333818	0.035602	0.00196888	4.53E-04	2.31E-04	0.0118832	0.137415	0.0116097	0.0764463	0.0334091	0.00889002
0.169039	0.158451	0.00101136	0.0142522	0.0140946	0.053632	0.285467	0.0999375	0.0440625	0.176265	0.0967566	0.237598	0.142497	0.00980957	0.00406071	0.100112	0.109383	0.108428	1.26E-01	2.13E-01	0.00465643	0.173006	0.00410991	0.0468333	1	0.10548	0.0591199	0.00430295	0.0494565	0.103251	0.0349274	0.202416	0.11372	0.0142448	9.09E-02	0.198854	0.0118735	0.00235459	0.111017	0.180934	0.132041	0.0228496	0.0127824	0.038122	0.19922	0.00285493	0.0140656	1.00E-01	0.0148799	0.0632163	0.0898738	0.116186	0.104786	0.0395827	0.095185	0.00349469	0.190724	0.119182	0.0380344	0.0100819	0.0657921	0.0026029	0.189955	0.0974239	0.0143398	0.252306	0.137961	0.0120682	0.0303849	0.32684	0.144502	0.144979	0.174762	0.0529194	0.179104	0.225728	0.00533371	0.0943384	0.00111232	0.0274039	0.0432118	0.100191	0.1065	9.04E-02	0.125526	0.0637203	0.027383	0.154439	0.0398705	0.0156375	0.0741951	0.248054	0.117629	0.216602	0.0202607	0.068424	0.0986295	0.0295668	0.00397257	0.00552526	0.0369767	0.0368754	0.183769	9.29E-04	0.213446	0.091034	0.0332336	0.0137303	0.113201	0.136192	9.86E-04	0.0789153	0.0417886	0.17345	0.005257	0.0416904	0.015994	0.00126884	0.115962	0.00241815	0.0687824	0.153928	0.15147	0.00841087	1.59E-01	0.121007	0.0942751	0.0904346	0.0107005	0.194447	0.0465354	0.0869324	0.237874	0.10581	0.0612406	0.138733	0.0826321	0.105644	0.190464	0.102794	0.0637566	0.0381533	0.0371834	0.211241	0.147329	0.120708	0.112836	0.0684716	2.31E-04	3.03E-04	7.52E-04	0.0405116	0.103014	0.043508	0.118916	0.0903994	0.0200804
0.0558948	0.0390379	0.00237473	0.00552607	0.0161979	0.00982436	0.12779	0.0222235	0.0265302	0.0722765	0.0366935	0.0914024	0.0569999	0.00217576	0.00523671	0.018034	0.0438125	0.0219639	0.0771223	7.08E-02	0.00128649	0.0955344	0.00654842	0.0110467	0.10548	1	0.0172274	0.00176394	0.00480097	0.0299271	0.0269997	0.0736908	0.0390715	0.00332589	1.69E-02	0.0788695	0.00521513	0.00479958	0.0585892	0.0756684	0.0437514	0.00157641	0.020019	0.00484743	0.0826865	3.40E-04	0.00636848	0.0601403	0.0539434	0.0421771	0.0249525	0.0461284	0.011281	0.00873349	0.0546988	6.33E-04	0.0600958	0.00295022	0.0217129	0.00116104	0.0298018	0.00112314	0.0995269	0.0545918	0.0107976	0.0441506	4.49E-02	0.00484377	0.0205601	0.0517015	0.0239609	0.109827	1.03E-01	0.0148939	0.110639	0.146076	0.00415854	0.0366592	6.24E-04	0.00508459	0.00973842	0.0403991	0.0174364	0.0547882	0.00805254	0.0178884	0.0132909	0.0127814	0.565369	0.0165093	0.0169505	0.0150399	0.0583493	0.10206	0.0203095	0.0201892	0.0540585	0.0067171	0.00234476	0.00805452	5.53E-02	0.0114155	0.043564	5.09E-04	0.0520704	0.0228315	0.0332901	0.0110678	0.0850196	0.036716	4.48E-05	0.0298744	0.00143272	0.120142	6.88E-04	0.00355859	0.00766565	0.00411368	0.0244324	0.00123129	0.0359175	0.141214	0.0627517	0.00306546	8.21E-02	4.26E-02	0.0512614	0.0192183	0.0183389	0.0583724	2.09E-02	0.0426594	0.0188057	0.0449118	0.0349262	0.0160652	0.049865	0.0438842	0.0596314	0.0802943	0.016119	0.00736345	0.00855456	0.0879896	0.0602491	0.0719644	0.0553883	0.0138363	0.00109791	8.54E-04	6.85E-04	0.0431573	0.0564733	0.0311881	0.0509158	0.01686	0.0125831
